** Height(km) Temp (K) Rho (kg/m3) Speed of sound(m/s)
** From: https://ntrs.nasa.gov/archive/nasa/casi.ntrs.nasa.gov/20070032693.pdf
0 214.0 1.55E-02  233.6
10 205.0 6.470E-03 228.5
20 188.3 2.630E-03 218.8
30 175.0 9.800E-04 211.0
40 162.4 3.400E-04 203.6
50 152.2 1.080E-04 197.0
60 144.2 3.180E-05 191.6
70 139.5 8.730E-06 188.4
80 139.0 2.290E-06 187.9
90 139.0 6.010E-07 188.2
100 139.0 1.590E-07 188.1
110 149.4 4.140E-08 195.5
120 159.7 1.190E-08 202.5
130 170.0 3.760E-09 208.6
140 245.1 1.090E-09 251.9
150 288.6 4.730E-10 275.5
